Average: 0.010685299370164667
Std: 0.010785982940698975
