Average: 0.011720188219576436
Std: 0.011667534716091551
