Average: 0.010804864602451291
Std: 0.010913486096783612
