Average: 0.011614885407160198
Std: 0.011576573656550472
