Average: 0.011246234008316045
Std: 0.01126647221300683
