Average: 0.010703243726117926
Std: 0.010817802421248267
