Average: 0.011500934281149778
Std: 0.011480115043028441
