Average: 0.011566133365931508
Std: 0.011534510180562155
