Average: 0.011406278121096793
Std: 0.011399251055097098
