Average: 0.010713458424132757
Std: 0.010832545952507131
