Average: 0.011689721750592632
Std: 0.011641472165953962
