Average: 0.011655422869380663
Std: 0.011611579178194888
