Average: 0.04367456719906317
Std: 0.040561429580585125
