Average: 0.0414915563823242
Std: 0.0385701180837788
