Average: 0.04553872301593547
Std: 0.04226417132964602
