Average: 0.03500332025331942
Std: 0.0326355805445065
