Average: 0.04431786299677186
Std: 0.04114490792498011
