Average: 0.046244159421700216
Std: 0.04290844680652926
