Average: 0.045215094201928985
Std: 0.04196868461544724
