Average: 0.046042728551479714
Std: 0.04272193210011708
