Average: 0.04279162215433493
Std: 0.0397573135625933
