Average: 0.045808753338103185
Std: 0.04250873494139531
