Average: 0.044815092289914704
Std: 0.04160053575631892
