Average: 0.03933719396543617
Std: 0.03659621499363459
