Average: 0.02784491704430756
Std: 0.026354100230053804
