Average: 0.02830985022275438
Std: 0.026782655946453002
