Average: 0.02915473533964765
Std: 0.027588415397213774
