Average: 0.029290210467094444
Std: 0.02772651357151167
