Average: 0.029337991005275177
Std: 0.027773905858995113
