Average: 0.029067372440926786
Std: 0.02750128185079841
