Average: 0.025172463357823274
Std: 0.023918793300087754
