Average: 0.026993052056644026
Std: 0.025589105653925595
