Average: 0.028612060050716637
Std: 0.027064013493540137
