Average: 0.028806573768963555
Std: 0.02724956491411732
