Average: 0.02922594328730084
Std: 0.027660605055612707
