Average: 0.02895505221617293
Std: 0.027388880285254272
