Average: 0.04326429644178508
Std: 0.0403700962953176
