Average: 0.03379316626238734
Std: 0.03172218693192019
