Average: 0.04283187085890099
Std: 0.03996500750806097
