Average: 0.04163947940863335
Std: 0.038871965588212286
