Average: 0.043425980480849766
Std: 0.04052230477495579
