Average: 0.03981477793198276
Std: 0.03722437989215648
