Average: 0.042145974676213276
Std: 0.03933445067889774
