Average: 0.04253793841382701
Std: 0.03969166537632352
