Average: 0.043567128705293744
Std: 0.04065558723345936
