Average: 0.04092195650655625
Std: 0.038221888274295304
