Average: 0.043067684971060165
Std: 0.040184816172715965
