Average: 0.037920773825570735
Std: 0.035497511437068405
