Average: 0.02229277683225124
Std: 0.021367555390080378
