Average: 0.025017107060433235
Std: 0.0238413182362677
