Average: 0.02498224975351717
Std: 0.023806443537940414
