Average: 0.024839154102584957
Std: 0.023673559269537278
