Average: 5.8085050651143404e-09
Std: 7.127702673283528e-08
