Average: 0.0247656739399941
Std: 0.02360656352684941
