Average: 0.024665943906682457
Std: 0.023515044934042665
