Average: 0.024892990355159468
Std: 0.02372102750740808
