Average: 0.023543473997376465
Std: 0.02249602541100596
