Average: 0.024342614142803087
Std: 0.023216429980767644
