Average: 0.02453060259387576
Std: 0.023386372438371814
