Average: 0.02494121098841536
Std: 0.023765693242658845
