Average: 0.024053741560143983
Std: 0.022959889699915012
